# --xy save start--
-0.00350
-0.00237
-0.00132
-0.00276
-0.00121
-0.00166
-0.00025
-0.00132
0.00114
-0.00211
-0.00076
0.00159
-0.00216
0.00044
0.00211
0.00121
-0.00034
0.00264
0.00174
0.00238
0.00285
0.00258
0.00288
0.00143
0.00356
0.00330
0.00215
0.00411
0.00289
0.00438
0.00577
0.00382
0.00469
0.00449
0.00517
0.00557
0.00755
0.00447
0.00583
0.00787
0.00640
0.00634
0.00840
0.00744
0.00739
0.00642
0.00964
0.00687
0.00770
0.00864
0.01040
0.00906
0.00684
0.00869
0.01055
0.00992
0.01082
0.01127
0.01149
0.01146
0.00895
0.01212
0.01097
0.01392
0.01273
0.01370
0.01300
0.01478
0.01468
0.01276
0.01541
0.01351
0.01649
0.01333
0.01573
0.01523
0.01666
0.01562
0.01594
0.01611
0.01622
0.01703
0.01712
0.01948
0.01839
0.01843
0.01838
0.02123
0.01751
0.01886
0.01877
0.02117
0.01846
0.02078
0.02278
0.02034
0.02261
0.02063
0.02267
0.02081
0.02220
0.02350
0.02209
0.02217
0.02249
0.02506
0.02309
0.02597
0.02489
0.02427
0.02355
0.02963
0.02899
0.02592
0.02727
0.02876
0.03177
0.02851
0.02834
0.03257
0.02989
0.02999
0.03188
0.03468
0.03109
0.03252
0.03485
0.02935
0.03392
0.03569
0.03706
0.03382
0.03536
0.03842
0.03153
0.03575
0.03960
0.03999
0.03735
0.03983
0.04034
0.03635
0.03765
0.04125
0.04443
0.03996
0.04115
0.04301
0.04103
0.04410
0.04508
0.04833
0.04270
0.04440
0.04775
0.05192
0.04488
0.04887
0.05075
0.05480
0.04911
0.05039
0.05348
0.05725
0.04974
0.05296
0.05743
0.05845
0.03865
0.03407
0.02687
0.01867
0.00246
-0.00711
-0.01415
-0.02015
-0.04024
-0.04504
-0.05531
-0.06446
-0.08438
-0.09466
-0.10170
-0.11084
-0.13359
-0.14193
-0.15049
-0.16096
0.01029
0.02688
0.05221
0.06315
0.01862
0.07857
0.07209
0.07676
0.10647
0.05820
0.10698
0.05792
0.09252
0.04300
0.09582
0.05630
0.09930
0.05622
0.31805
0.13040
0.37063
0.11869
0.45351
0.05946
0.38321
0.05945
0.23475
0.26717
0.13999
0.39939
0.28449
0.10650
0.40524
0.12435
0.06120
0.49266
0.35967
0.33612
0.29994
0.17954
0.11758
0.43886
0.10940
0.55105
0.56143
0.14373
0.15406
0.15193
0.15868
0.16510
0.13968
0.14974
0.15618
0.15973
0.16634
0.17511
0.17820
0.18163
0.19305
0.20331
0.16693
0.15893
0.18065
0.18926
0.19714
0.20605
0.20478
0.21239
0.21828
0.22582
0.16955
0.24037
0.25883
0.26424
0.21779
0.22073
0.23939
0.24128
0.24219
0.26177
0.26273
0.28045
0.28150
0.16698
0.29632
0.18301
0.29146
0.21825
0.25153
0.33820
0.21485
0.15786
0.05760
-0.04537
0.39996
0.37097
0.30467
0.83910
0.30447
0.48791
0.47002
0.40041
0.33041
0.45618
1.08867
0.74519
0.37669
1.27086
1.29295
-1.05031
0.57989
0.63651
0.64314
0.65305
0.66005
0.66245
0.60909
0.48938
0.30325
0.00000
0.10705
0.00000
0.00000
0.00000
0.00000
0.00000
0.00000
0.00000
0.00000
0.00000
0.00000
0.00000
0.00000
0.00000
0.00000
0.00000
0.00000
0.00000
0.00000
0.00000
0.00000
0.00000
0.00000
0.00000
0.00000
0.00000
0.00000
0.00000
0.00000
0.00000
0.00000
0.00000
0.00000
0.00000
0.00000
0.00000
0.00000
0.00000
0.00000
0.00000
0.00000
0.00000
0.00000
0.00000
0.00000
0.00000
0.00000
4.96410
4.97628
4.97086
4.95978
4.95217
4.92436
0.00000
0.00000
0.00000
0.00000
0.00000
0.00000
0.00000
0.00000
0.00000
0.00000
0.00000
0.00000
0.00000
0.00000
4.67554
4.67528
4.67764
4.67201
4.65000
0.00000
0.00000
0.00000
0.00000
0.00000
0.00000
0.00000
0.00000
0.00000
0.00000
0.00000
0.00000
0.00000
0.00000
0.00000
0.00000
0.00000
0.00000
0.00000
0.00000
0.00000
0.00000
0.00000
0.00000
0.00000
0.00000
0.00000
0.00000
0.00000
0.00000
-0.15746
-0.17900
-0.20570
-0.14914
-0.24241
-0.11388
-0.31640
-0.42053
-0.49803
-0.49307
-0.53494
-0.55749
-0.47534
-0.57071
-0.43241
-0.56177
-0.41328
-0.50324
-0.36811
-0.44014
-0.48444
-0.53866
-0.29978
-0.69303
-0.57586
-0.36132
0.13068
0.01455
-0.30593
-0.25698
-0.29625
-0.30119
-0.14695
-0.23818
-0.11283
-0.03643
0.04998
0.01458
0.01208
-0.05789
-0.21034
-0.13470
-0.22266
-0.28107
-0.16348
-0.15067
-0.19016
-0.22484
-0.22762
-0.14424
-0.09931
-0.15252
-0.12594
-0.14085
-0.13303
-0.15623
-0.13801
-0.14087
-0.13608
-0.15603
-0.13077
-0.14197
-0.15895
-0.15248
-0.13331
-0.06564
-0.08635
-0.08382
-0.10862
-0.13917
-0.14117
-0.06538
-0.06794
-0.10505
-0.14583
-0.07799
-0.05343
-0.09862
-0.12395
-0.05472
-0.06689
-0.12393
-0.06898
-0.06344
-0.11570
-0.05908
-0.05717
-0.10687
-0.03638
-0.07037
-0.07412
-0.03213
-0.10443
-0.03914
-0.06653
-0.06242
-0.03667
-0.07675
-0.02100
-0.08459
-0.03472
-0.09190
-0.03364
-0.06820
-0.04345
-0.06116
-0.03739
-0.04766
-0.04162
-0.05763
-0.04060
-0.05891
-0.02721
-0.07486
-0.02489
-0.06642
-0.02778
-0.05084
-0.00785
-0.04633
0.00166
-0.04555
-0.05833
-0.01832
-0.05256
-0.01114
-0.04631
-0.00472
-0.02356
-0.05141
-0.03897
-0.00959
-0.05508
-0.02588
0.01087
-0.03581
-0.00793
-0.05639
-0.02799
0.00661
-0.04063
-0.01403
0.01309
-0.03328
-0.00698
-0.02231
-0.03314
0.00496
-0.03859
-0.01947
0.00480
-0.04771
-0.01949
0.00609
-0.04609
-0.01429
0.01139
-0.03948
-0.01671
0.01089
-0.02603
-0.11125
-0.10759
-0.01905
-0.08406
-0.15296
0.00333
-0.06253
-0.12718
0.02116
0.09839
0.04922
-0.00556
0.12769
0.07613
0.02502
-0.01194
-0.00986
-0.01016
-0.00819
-0.00864
-0.00698
-0.01264
-0.01219
-0.00535
-0.00418
-0.00417
-0.00274
-0.00640
-0.00646
-0.00542
-0.00581
-0.00571
-0.00410
-0.00385
-0.00582
-0.00556
-0.00332
-0.00156
-0.00151
-0.00127
-0.00466
-0.00386
-0.00274
-0.00210
-0.00094
-0.00125
0.00104
0.00106
0.00162
-0.00305
-0.00240
-0.00153
0.00070
0.00221
0.00197
0.00339
0.00451
0.00352
-0.00170
0.00134
0.00179
0.00159
0.00338
0.00397
0.00220
0.00309
0.00426
0.00396
0.00368
0.00457
0.00395
0.00405
0.00533
0.00506
0.00566
0.00636
0.00628
0.00793
0.00720
0.00730
0.00799
0.00859
0.00886
0.00858
0.01225
0.01703
0.02238
0.02663
0.02958
0.03271
0.03791
0.04264
0.04600
0.01229
-0.01688
-0.03585
-0.06153
-0.05861
-0.05422
-0.05113
-0.04829
-0.04416
-0.04126
-0.03670
-0.03308
-0.03120
-0.02802
-0.02507
-0.02245
-0.02048
-0.01673
-0.01434
-0.00912
-0.00583
-0.00632
-0.00510
-0.00581
-0.00550
-0.00511
0.03638
0.03537
0.02511
0.01352
0.00160
0.04642
0.03754
0.02263
0.01316
0.00081
0.04507
0.03451
0.02341
0.01271
0.00246
-0.00162
-0.00155
-0.00068
-0.00056
0.00017
0.04512
0.03251
0.02248
0.01323
0.00264
0.04435
0.03553
0.02398
0.01421
0.00368
0.00929
# --xy save end--
