# --xy save start--
2.17803
2.17559
2.17630
2.17323
2.17320
2.17096
2.16992
2.16925
2.16583
2.16304
2.16429
2.16386
2.16152
2.15974
2.16124
2.16044
2.15939
2.15848
2.15840
2.15850
2.15725
2.15461
2.15615
2.15387
2.15445
2.15256
2.15316
2.15367
2.15204
2.15192
2.15060
2.15049
2.14902
2.14902
2.14860
10.00000
10.00000
2.26893
2.27085
2.27134
2.27017
2.27083
2.27142
2.27067
2.27142
2.27293
2.27140
2.27270
2.27190
2.27442
2.27381
2.27504
2.27583
2.27657
2.27555
2.27670
2.27917
2.27874
2.27973
2.28033
2.28267
2.28371
2.28385
2.28649
2.28631
2.28766
2.28750
2.29076
2.29219
2.29301
2.29454
2.29693
2.29685
2.29895
2.29892
2.30212
2.30271
2.30386
2.30533
2.30904
2.30966
2.31121
2.31315
2.31733
2.31815
2.32154
2.32316
2.32574
2.32745
2.32933
2.33115
2.33534
2.33607
2.33953
2.34284
2.34377
2.34623
2.34880
2.35204
2.35451
2.35761
2.36017
2.36635
2.36830
2.36901
2.37279
2.37853
2.38023
2.38361
2.38683
2.38996
2.39176
2.39551
2.39962
2.40189
2.40772
2.40974
2.41680
2.42035
2.42394
2.42780
2.43344
2.43557
2.43955
2.44408
2.44570
2.45022
2.45768
2.45953
2.46554
2.46913
2.47438
2.47973
2.48349
2.48820
2.49278
2.49972
2.50442
2.50909
2.51503
2.52105
2.52663
2.52854
2.53316
2.54129
2.54661
2.55163
2.56033
2.56644
2.57336
2.57473
2.58152
2.58716
2.59517
2.59985
2.60496
2.61131
2.61546
2.62539
2.63228
2.64032
2.64830
2.65252
2.65913
2.66743
2.67245
2.68089
2.69039
2.69743
2.70572
2.71445
2.71793
2.72341
2.73763
2.74387
2.75390
2.76107
2.76861
2.77743
2.78374
2.79379
2.80558
2.81210
2.82048
2.83276
2.83729
2.84698
2.85659
2.86732
2.88026
2.88838
2.89782
2.90378
2.91864
2.93102
2.94201
2.94902
2.96060
2.96792
2.98197
2.99620
3.00498
3.01558
3.02508
3.03429
3.05053
3.06281
3.07564
3.08940
3.09748
3.11873
3.12558
3.14170
3.15290
3.16186
3.18274
3.19025
3.20515
3.21988
3.23188
3.25442
3.26547
3.27636
3.29151
3.30681
3.32720
3.34342
3.35721
3.36652
3.38132
3.40418
3.42551
3.44165
3.45427
3.46781
3.48928
3.51237
3.52627
3.54062
3.55787
3.57535
3.60039
3.61870
3.63594
3.66888
3.67230
3.69814
3.71919
3.73749
3.77382
3.79139
3.80347
3.82930
3.86271
3.88879
3.89636
3.91723
3.93790
3.97465
4.00182
4.02340
4.04334
4.07076
4.10518
4.13236
4.15691
4.20359
4.21787
4.24094
4.26911
4.29298
4.34636
4.37177
4.39871
4.42449
4.46171
4.49755
4.52464
4.55514
4.58381
4.62493
4.67519
4.70874
4.68736
4.67548
4.66722
4.65499
4.65185
4.66802
4.73780
4.75711
4.80387
4.84431
4.91370
4.93626
4.97417
5.01198
5.07373
5.13473
5.17573
5.21637
5.26028
5.32231
5.37189
5.41830
5.46338
5.82745
5.93346
5.98822
6.04128
6.08296
6.15571
6.25181
6.33403
6.39581
6.42904
6.49065
6.59661
6.69104
6.76306
6.83402
6.90531
7.05548
7.10074
7.20907
7.29173
7.37444
7.54474
7.63290
7.72437
7.80888
7.91030
8.06975
8.21134
8.31558
8.42245
8.53445
8.64634
8.84279
9.01793
9.10471
9.09725
9.08815
9.07755
9.06904
9.06297
9.05518
9.04631
9.03979
9.01825
9.01029
9.00346
8.99745
8.98975
8.98100
8.97694
8.96728
8.96073
8.95530
8.95115
8.94472
8.93780
8.92842
8.92439
8.91943
8.91607
8.90901
8.90366
8.89432
8.88959
8.88624
8.88227
8.87544
8.87342
8.86866
8.86567
8.86082
8.85842
8.85463
8.85251
8.84922
8.84840
8.84479
8.84237
8.84230
8.83576
8.83385
8.83428
8.83089
8.83057
8.82832
8.82772
8.82639
8.82572
8.82595
8.82514
8.82506
8.82351
8.82428
8.82427
8.82585
8.82434
8.82631
8.82667
8.82807
8.83126
8.83022
8.83273
8.83349
8.83545
8.83770
8.84101
8.84246
8.84541
8.84697
8.84910
8.85149
8.85687
8.86179
8.86475
8.87229
8.87282
8.87648
8.88102
8.88510
8.88838
8.89254
8.89913
8.90243
8.90870
8.91204
8.91719
8.92232
8.93533
8.94323
8.94691
8.95359
8.96001
8.96402
8.97436
8.98034
8.98772
8.99434
9.00114
9.00731
9.01649
9.02484
9.03161
9.04884
9.05831
9.06601
9.07434
9.08196
9.09305
9.10158
9.11165
9.12075
9.13295
9.14115
9.15224
9.02774
8.90407
8.75434
8.64012
8.39874
8.29663
8.17399
8.08072
7.96741
7.86043
7.77507
7.67440
7.57942
7.48596
7.39658
7.31245
7.22739
7.14791
7.06850
6.92539
6.84073
6.77485
6.71074
6.63383
6.57397
6.50467
6.43862
6.38414
6.32207
6.26003
6.14236
6.09041
6.02794
5.97887
5.92827
5.87318
5.82485
5.77281
5.72501
5.62848
5.58396
5.54097
5.49720
5.45631
5.41320
5.37096
5.33280
5.25044
5.21181
5.17263
5.13801
5.09941
5.06830
5.02841
4.99393
4.92830
4.89630
4.86113
4.82885
4.80101
4.76821
4.70791
4.67732
4.64820
4.61882
4.59248
4.56373
4.53732
4.48382
4.45831
4.01124
3.98939
3.96925
3.94604
3.92339
3.88224
3.85988
3.84164
3.82230
3.80502
3.76486
3.74564
3.72675
3.70836
3.68947
3.65602
3.63691
3.62219
3.60356
3.58783
3.55325
3.53844
3.52219
3.50551
3.49004
3.46196
3.44578
3.43183
3.41523
3.38792
3.37180
3.35789
3.34667
3.33185
3.30432
3.29239
3.27827
3.26495
3.24192
3.22916
3.23167
3.24450
3.25576
3.26657
3.28030
3.46237
3.45141
3.43830
3.42528
3.41535
3.39170
3.37786
3.36552
3.35344
3.33392
3.32169
3.31042
3.29797
3.28888
3.26536
3.25722
3.24608
3.23702
3.21510
3.20618
3.19466
3.18596
3.17603
3.15747
3.14790
3.14045
3.12967
3.11326
3.10121
3.09570
3.08557
3.06820
3.05955
3.05477
3.04436
3.03804
3.02152
3.01099
3.00609
2.99585
2.98253
2.97361
2.96712
2.96152
2.95471
2.93901
2.93074
2.92443
2.91743
2.90395
2.89667
2.88938
2.88433
2.87568
2.86329
2.85633
2.85162
2.84441
2.83200
2.82509
2.81990
2.81504
2.80719
2.79684
2.79086
2.78561
2.77986
2.76866
2.76350
2.75823
2.75189
2.74737
2.73606
2.73246
2.72725
2.72111
2.71710
2.70748
2.70114
2.69727
2.69420
2.69021
2.67916
2.67464
2.67004
2.66567
2.66285
2.65319
2.64941
2.64281
2.64037
2.63485
2.62613
2.62416
2.62287
2.61799
2.61175
2.60424
2.60251
2.59863
2.59586
2.58951
2.58555
2.57920
2.57659
2.57212
2.57120
2.56575
2.55886
2.55748
2.55300
2.55062
2.54860
2.54469
2.53511
2.53638
2.53322
2.53065
2.52501
2.52460
2.52124
2.51655
2.51573
2.51175
2.50768
2.50605
2.50416
2.49781
2.49586
2.49541
2.49250
2.48996
2.49062
2.48651
2.48386
2.48147
2.47835
2.47675
2.47539
2.47326
2.46956
2.46687
2.46680
2.46378
2.46252
2.45997
# --xy save end--
