# --xy save start--
2.17562
2.17419
2.17275
2.17132
2.17003
2.16882
2.16761
2.16640
2.16519
2.19905
2.20455
2.19281
2.18107
2.16933
2.15917
2.15841
2.15764
2.15687
2.15611
2.15534
2.15476
2.15422
2.15367
2.15312
2.15258
2.26694
2.27453
2.24179
2.20904
2.17629
2.24128
2.29174
2.28160
2.27145
2.26130
2.25116
2.25899
2.26914
2.27928
2.28943
2.29957
2.25898
2.26958
2.28019
2.29080
2.30141
2.26006
2.27116
2.28225
2.29335
2.30445
2.26231
2.27392
2.28553
2.29715
2.30789
2.26577
2.27794
2.29010
2.30226
2.30699
2.27054
2.28329
2.29603
2.30878
2.30731
2.27669
2.29006
2.30343
2.31680
2.30848
2.28434
2.29837
2.31239
2.32642
2.31030
2.29358
2.30832
2.32305
2.33779
2.31266
2.30457
2.32006
2.33555
2.35104
2.31549
2.31745
2.33374
2.35004
2.36098
2.31875
2.33239
2.34956
2.36672
2.36131
2.33152
2.34961
2.36770
2.38579
2.36252
2.35026
2.36935
2.38843
2.39823
2.36448
2.37170
2.39186
2.41202
2.39878
2.37482
2.39614
2.41746
2.43008
2.40016
2.40138
2.42395
2.44653
2.43061
2.40769
2.43162
2.45554
2.45893
2.43195
2.44060
2.46600
2.48551
2.45976
2.45107
2.47807
2.50506
2.48599
2.46325
2.49199
2.52072
2.51093
2.48724
2.50802
2.53866
2.53478
2.51198
2.52649
2.55923
2.55771
2.53571
2.54779
2.58283
2.57987
2.55860
2.57239
2.60997
2.60137
2.58076
2.60087
2.64126
2.62232
2.60231
2.63392
2.66223
2.64278
2.62538
2.67241
2.68177
2.66283
2.66645
2.71743
2.70099
2.68252
2.71489
2.73796
2.71993
2.71177
2.77231
2.75626
2.73864
2.77443
2.79164
2.77439
2.77682
2.82616
2.80926
2.79235
2.85992
2.84334
2.82676
2.87379
2.87671
2.86043
2.88980
2.90945
2.89346
2.91000
2.94162
2.92589
2.93621
2.97326
2.95778
2.97127
3.00444
2.98918
3.01994
3.03518
3.02014
3.08035
3.06553
3.05070
3.11015
3.09551
3.08088
3.13962
3.12517
3.16934
3.16880
3.15452
3.21182
3.19771
3.18359
3.22018
3.26330
3.23415
3.27939
3.31721
3.29639
3.34386
3.31445
3.36428
3.33370
3.38603
3.41045
3.40929
3.46426
3.43428
3.49205
3.46120
3.52194
3.49031
3.55421
3.52189
3.58914
3.55625
3.62707
3.59375
3.66838
3.63478
3.71347
3.67979
3.76283
3.72930
3.81698
3.78387
3.84018
3.84418
3.85453
3.91098
3.87508
3.97824
3.95085
3.98505
4.03559
3.99847
4.08712
4.09655
4.08893
4.17693
4.17215
4.17554
4.25685
4.26828
4.25284
4.32857
4.39367
4.35436
4.39331
4.46156
4.52734
4.48876
4.51645
4.57873
4.63900
4.69737
4.63687
4.67366
4.61373
4.66968
4.60288
4.61330
4.65189
4.69120
4.73126
4.77210
4.81374
4.85621
4.89954
4.94375
4.98887
5.03493
5.08195
5.12995
5.17898
5.22904
5.28018
5.33241
5.38577
5.44029
5.56649
5.84630
5.87257
5.98373
5.99898
6.16379
6.15319
6.31028
6.27035
6.43215
6.49316
6.49199
6.67890
6.74413
6.73100
6.87623
6.99037
7.09729
7.19774
7.21413
7.27008
7.43327
7.56642
7.71953
7.73102
7.85875
8.07990
8.05943
8.14882
8.27456
8.41966
8.61535
8.87010
8.86720
9.00731
9.06619
9.07053
9.06075
9.05117
9.01058
9.03254
9.02350
9.01467
9.00604
8.99759
8.98931
8.98121
8.97330
8.96561
8.92706
8.95072
8.93838
8.90102
8.92977
8.92315
8.90183
8.91040
8.90433
8.89843
8.89270
8.87687
8.86634
8.87655
8.87152
8.84944
8.86196
8.85745
8.81724
8.84897
8.84497
8.84113
8.83750
8.83404
8.83072
8.82757
8.82461
8.82183
8.81920
8.81673
8.81444
8.81234
8.81039
8.80860
8.80696
8.80554
8.80428
8.78762
8.84706
8.76628
8.77007
8.80041
8.80012
8.80001
8.80010
8.77259
8.80072
8.80127
8.78944
8.80294
8.80400
8.75643
8.79769
8.80823
8.80997
8.76625
8.80899
8.79904
8.81863
8.82121
8.82394
8.82689
8.83000
8.83326
8.79066
8.83247
8.84409
8.81497
8.85216
8.85644
8.86093
8.86558
8.83010
8.87537
8.88054
8.86518
8.85778
8.89710
8.90294
8.90902
8.91525
8.88290
8.92823
8.93498
8.94194
8.94908
8.95638
8.96386
8.97153
8.97940
8.98745
8.95149
8.97541
9.00786
9.02149
9.03048
9.03964
9.01443
9.05678
9.05388
9.05105
9.08839
9.09871
9.10923
9.11996
9.11053
9.04190
8.90399
8.77039
8.64087
8.51526
8.39348
8.27520
8.16045
8.04895
7.94055
7.83525
7.73286
7.63323
7.53628
7.44190
7.34998
7.26044
7.17318
7.08810
7.00525
6.92440
6.84547
6.76849
6.69338
6.61992
6.54835
6.47828
6.40995
6.34302
6.27775
6.21382
6.15131
6.09021
6.03036
5.97178
5.91453
5.85843
5.80346
5.74959
5.69690
5.64528
5.59468
5.54507
5.49643
5.44873
5.40195
5.35608
5.31107
5.26693
5.22361
5.18110
5.13937
5.09841
5.05818
5.01868
4.97986
4.94173
4.90424
4.86749
4.83140
4.79590
4.76098
4.72662
4.69284
4.65974
4.62715
4.59504
4.56341
4.53246
4.50196
4.47188
4.44230
4.04082
4.18432
4.30635
3.94771
3.94049
3.85779
3.86353
3.84470
3.79467
3.83009
3.73289
3.76975
3.68328
3.71452
3.65741
3.66446
3.59587
3.57580
3.55589
3.53640
3.55652
3.53952
3.47930
3.46093
3.45901
3.47274
3.40963
3.44320
3.38328
3.41583
3.35892
3.44992
3.64247
3.34622
3.64502
3.30826
3.56049
3.37213
3.42651
3.41522
3.18776
3.46385
3.30948
3.47887
3.37189
3.26490
3.31905
3.39394
3.42210
3.40767
3.39328
3.37930
3.36531
3.35161
3.33807
3.32458
3.31147
3.29835
3.28548
3.27279
3.26010
3.24781
3.23554
3.22339
3.21152
3.19966
3.18802
3.17656
3.16510
3.15394
3.14288
3.13181
3.12111
3.11043
3.09977
3.08947
3.07916
3.06890
3.05897
3.04905
3.03915
3.02959
3.02003
3.01048
3.00127
2.99207
2.98286
2.97398
2.96512
2.95627
2.94767
2.93916
2.93065
2.92230
2.91413
2.90596
2.89785
2.89001
2.88217
2.87434
2.86676
2.85925
2.85173
2.84434
2.83714
2.82995
2.82276
2.81584
2.80896
2.80208
2.79529
2.78872
2.78215
2.77557
2.76921
2.76294
2.75667
2.75012
2.71407
2.68677
2.71062
2.72657
2.72089
2.71520
2.70952
2.70396
2.69856
2.69316
2.68776
2.68252
2.67740
2.67228
2.66716
2.66222
2.65737
2.65253
2.64768
2.64302
2.63844
2.63386
2.62928
2.62488
2.62057
2.61625
2.61194
2.60777
2.60372
2.59966
2.59561
2.59166
2.58787
2.58407
2.58027
2.57257
2.55103
2.52949
2.52527
2.56108
2.55903
2.55573
2.55243
2.54914
2.54600
2.54294
2.53989
2.53683
2.53386
2.53104
2.52823
2.52541
2.52260
2.52001
2.51743
2.51485
2.51227
2.50981
2.50747
2.50513
2.50279
2.50045
2.49834
2.49623
2.49412
2.49200
2.49001
2.48813
2.48625
2.48436
2.48248
2.48082
2.47917
# --xy save end--
